97 98 99 99 99 99 97 97 97 99 97 99 99 99 99 97 97 97 97 97 99 99 99 99 99 99 99 97 97 99 99 99 99 99 99 99 99 97 97 97 97 97 97 99 99 99 99 99 99 97 97 97 97 97 99 99 99 99 99 99 99 99 99 99 97 97 97 97 97 97 97 97 97 99 99 99 99 99 99 99 97 97 97 97 97 97 97 97 97 97 97 97 97 97 99 99 97 97 97 97 97 99 99 99 99 99 99 99 99 99 99 99 99 97 99 99 97 99 99 99 99 99 99 99 99 99 99 99 99 99 99 99 99 99 99 99 99 99 99 99 99 99 99 99 99 99 99 99 99 99 99 99 99 99 99 99 97 97 97 97 97 97 
97 98 99 99 97 97 99 97 97 97 97 97 99 99 97 97 97 97 97 99 99 99 99 99 97 97 97 97 97 99 99 99 99 99 99 99 99 97 97 97 97 97 97 99 99 99 99 99 99 97 97 97 97 97 97 99 99 99 99 99 99 99 99 99 97 97 97 97 97 97 97 97 97 97 97 97 97 99 99 99 97 97 97 97 97 97 97 97 97 97 97 97 97 97 97 97 97 97 97 97 97 99 99 99 99 99 99 99 99 99 99 99 99 97 97 97 97 99 99 99 99 99 99 99 99 99 99 99 99 99 99 99 99 99 99 99 99 99 99 99 99 99 99 99 99 99 99 99 99 99 99 99 99 99 99 99 97 97 97 97 97 97 
97 98 99 99 97 97 97 97 97 97 97 97 99 99 97 97 97 97 97 97 99 99 99 99 99 97 97 97 97 97 99 99 99 99 99 99 97 97 97 97 97 97 97 97 99 99 99 99 99 97 97 97 97 97 97 99 99 99 99 99 99 99 99 99 99 97 97 97 97 97 97 97 97 97 97 97 97 99 99 99 97 97 97 97 97 97 99 97 97 97 97 97 97 99 97 97 97 97 97 97 97 97 99 99 99 99 99 99 99 99 99 99 97 97 97 97 97 99 99 99 99 99 97 99 99 99 99 99 99 99 99 99 99 99 99 99 99 99 99 99 99 97 97 97 99 99 99 99 99 99 99 99 99 99 99 99 99 97 97 97 97 97 
97 98 99 99 99 97 97 97 97 97 99 99 99 99 99 99 97 97 97 97 99 99 99 99 99 97 97 97 97 97 99 99 99 99 99 97 97 97 97 97 97 97 97 97 97 99 99 99 99 97 97 97 97 97 97 99 99 99 99 99 99 99 99 99 97 97 97 97 97 97 97 97 97 97 97 97 97 97 99 97 97 97 97 97 97 97 97 97 97 97 97 97 97 99 97 97 97 97 97 97 97 97 99 99 99 99 99 99 99 99 99 99 97 97 97 97 97 97 99 99 99 97 97 97 99 99 99 99 99 99 99 99 99 99 99 99 99 99 99 99 99 97 97 97 99 99 99 99 99 99 99 99 99 99 99 99 99 99 97 97 97 97 
97 98 97 97 97 99 97 97 97 97 97 99 99 99 99 99 97 99 99 99 99 99 99 99 97 97 97 97 97 99 99 99 99 99 99 97 97 97 97 97 97 97 97 97 97 99 99 99 99 99 99 97 97 97 99 99 99 99 99 99 99 99 99 99 97 97 97 97 97 97 97 97 97 99 97 97 97 97 97 97 97 97 97 97 97 97 97 97 97 97 97 97 97 99 99 99 97 97 97 99 97 99 99 97 97 97 99 99 99 99 99 99 97 97 97 97 97 97 97 97 99 97 97 97 99 99 99 99 99 99 99 99 99 99 99 97 97 99 99 99 99 97 97 97 99 99 99 99 99 99 99 99 99 99 99 99 99 99 99 97 97 99 
97 98 97 97 97 99 97 97 99 97 97 97 97 99 99 99 99 99 99 99 99 99 99 99 99 99 99 97 97 99 99 99 99 99 99 97 99 97 97 97 97 97 99 99 99 99 99 97 97 99 99 99 99 99 99 99 99 99 99 99 99 99 99 99 97 97 97 97 99 97 97 97 97 97 97 97 97 97 97 99 99 99 97 97 99 99 99 97 97 97 99 97 97 99 99 99 97 97 99 99 99 99 97 97 97 97 99 99 99 99 99 99 99 99 97 97 99 97 97 97 97 97 97 97 97 97 97 99 99 99 99 99 99 99 99 97 97 97 97 99 99 97 97 97 99 99 99 99 99 99 99 99 99 99 99 99 99 99 97 97 97 99 
97 98 97 97 99 99 97 97 99 99 97 97 97 99 97 99 99 99 99 99 99 99 99 99 99 99 99 99 99 99 99 99 99 99 99 99 99 99 97 97 97 97 99 99 99 97 97 97 97 97 97 99 99 97 97 97 99 99 99 99 99 99 99 99 99 99 97 97 99 97 97 97 97 97 97 97 97 97 97 99 99 99 97 97 99 99 99 99 99 99 99 99 99 99 99 99 99 99 99 99 99 99 97 97 97 97 99 99 99 99 99 99 99 99 99 99 99 99 97 97 97 97 97 97 97 97 97 99 99 99 99 99 99 99 10510510510510597 97 97 97 97 99 99 99 99 99 99 99 99 99 99 99 99 99 99 99 99 99 99 
97 98 97 97 99 99 99 99 97 97 97 97 97 97 97 97 99 99 99 99 99 99 99 99 99 99 99 99 99 99 99 99 99 99 99 99 99 99 99 97 97 99 99 99 99 97 97 97 97 97 97 99 99 97 97 97 97 97 99 99 99 99 97 99 99 99 97 97 99 99 97 97 97 99 97 97 97 97 97 99 99 99 99 99 99 99 99 99 99 99 99 99 99 99 97 97 99 99 99 99 99 99 99 97 97 97 99 99 99 99 99 99 99 99 99 99 99 99 99 99 97 97 97 97 97 99 99 99 99 99 99 99 99 10510510510510510510510597 97 97 97 97 99 99 99 99 99 99 97 97 97 99 99 99 99 99 99 99 
97 98 97 97 97 99 99 99 97 97 97 97 97 97 97 97 99 99 99 99 99 99 99 99 99 99 99 99 99 99 99 99 99 99 99 99 99 99 99 99 99 99 99 99 99 97 97 97 97 97 97 99 97 97 97 97 97 99 99 99 99 97 97 97 97 97 97 97 99 99 97 97 99 99 97 97 97 99 99 99 99 99 99 99 97 97 97 97 97 99 97 99 99 99 97 97 99 99 99 99 99 99 99 99 99 99 97 97 99 99 99 99 99 99 99 99 99 99 99 97 97 97 97 97 97 99 99 99 99 99 99 99 10510510510510510510510510510610697 97 97 97 97 99 99 99 99 97 97 97 99 97 99 99 99 99 99 
97 98 97 97 97 99 99 99 99 97 97 97 97 97 97 99 99 99 99 99 99 99 99 99 99 99 99 99 99 99 99 99 99 99 99 97 97 99 99 99 99 99 99 99 99 97 97 97 97 97 99 99 97 97 97 97 97 99 99 99 99 99 97 97 97 97 97 97 97 97 99 99 99 99 99 99 99 99 99 99 99 99 99 99 97 97 97 97 97 97 97 97 97 97 97 97 99 99 99 99 99 99 99 99 99 99 97 97 97 99 97 97 99 99 99 99 99 99 97 97 97 97 97 97 97 99 99 99 99 99 99 99 10510510511011011011011110510610610610610610610610610610697 97 97 97 97 97 97 99 99 99 99 
97 98 99 99 99 99 99 99 99 99 97 97 97 97 97 99 99 99 99 99 97 97 99 99 99 99 99 99 99 99 99 99 99 97 97 97 97 99 99 99 99 99 99 99 99 99 97 97 97 97 99 99 99 97 97 97 97 97 99 99 99 99 97 97 97 97 97 97 97 97 97 99 99 99 99 99 99 99 99 99 99 99 99 99 97 97 97 97 97 97 97 97 97 97 97 97 97 97 99 99 99 99 99 99 99 99 97 97 97 97 97 97 99 99 99 97 97 99 97 97 97 99 97 97 97 99 99 99 99 99 99 10410410511011011011011011111110610610610610610610610610610710797 97 97 97 97 97 99 99 99 99 
97 98 99 99 99 99 99 99 99 97 97 97 97 97 97 99 97 97 97 99 97 97 99 99 99 99 99 99 99 99 99 99 99 97 97 97 97 97 97 99 99 99 99 99 99 99 99 99 99 99 99 99 99 97 97 99 99 99 99 99 99 99 97 97 97 97 97 97 97 97 97 99 97 97 99 99 99 99 99 99 99 99 99 99 97 97 97 97 97 97 97 97 97 97 97 97 97 97 97 99 99 99 99 99 97 97 97 97 97 97 97 99 99 99 97 97 97 97 99 99 99 99 99 99 97 99 97 97 99 99 99 10410410511011011011011011111111111110610610610610610610710710710797 97 97 97 99 99 99 99 99 
97 98 97 97 99 99 99 97 99 99 97 97 97 99 99 99 99 97 97 97 97 97 99 99 99 99 99 99 99 99 99 99 99 99 97 97 97 97 99 99 99 99 99 99 99 99 99 99 99 99 99 99 99 99 99 99 99 99 99 99 99 99 97 97 97 97 97 97 97 97 99 97 97 97 97 97 97 97 99 99 99 99 99 99 97 97 97 97 97 97 97 97 97 97 97 97 97 97 97 99 99 99 99 99 97 97 97 97 97 97 97 99 99 99 97 97 97 97 99 99 99 99 97 97 97 99 97 97 97 99 10410410411011011011611611611711111111111111111111111111211210710710797 97 97 97 99 99 99 99 99 
97 98 97 97 99 99 99 97 97 97 97 97 97 97 99 99 99 99 97 97 97 97 97 97 99 99 99 99 99 99 99 99 99 97 97 97 97 97 99 99 99 99 99 99 99 99 99 99 99 99 99 99 99 99 99 99 99 99 99 99 99 99 97 97 97 97 97 97 97 99 99 99 97 97 97 97 97 99 99 99 99 99 99 99 99 99 97 97 97 99 97 97 97 97 97 97 97 97 99 99 99 99 99 99 99 99 97 97 97 97 97 99 99 99 97 97 97 97 99 99 99 99 99 97 97 97 97 97 99 99 10410410411011011011611611611611711111111111111111111211211211210710710797 97 97 99 99 99 99 99 
97 98 97 97 99 99 99 97 97 97 97 97 97 99 99 99 99 97 97 97 97 97 97 97 99 99 99 99 99 99 99 99 99 97 97 99 97 97 99 99 99 99 99 99 99 99 99 99 99 99 99 99 99 99 99 99 99 99 99 99 97 97 97 99 99 97 97 97 99 99 97 97 97 97 97 97 97 99 99 99 99 99 99 99 99 99 99 99 99 99 97 97 97 97 97 97 97 99 99 99 99 99 99 97 97 99 97 97 99 97 97 97 99 99 99 99 99 99 99 99 99 99 99 97 97 97 97 97 97 10410410410411011011611611611611611711711111711711711711711211211210710710799 99 99 99 99 99 99 99 
97 98 97 97 97 97 99 97 97 97 97 97 97 97 97 97 97 97 97 97 97 97 99 99 99 99 99 99 99 99 99 99 99 99 99 99 99 99 99 99 99 99 99 99 99 99 99 99 99 99 99 99 99 99 99 99 99 99 99 97 97 97 97 99 99 99 97 97 97 99 97 97 97 97 97 97 97 97 99 99 99 99 99 99 99 99 99 99 99 99 97 99 99 97 97 97 99 99 99 99 99 99 97 97 97 99 97 97 99 99 99 99 99 99 99 99 99 99 99 99 99 99 97 97 97 97 97 97 10410410410411011011011611611612012012011711711711711711711711211211210710710799 99 99 99 99 99 99 99 
97 98 97 97 97 97 99 97 97 97 97 97 97 97 97 97 97 97 99 97 97 97 99 99 99 97 97 97 99 99 99 99 99 99 99 99 99 99 99 99 99 99 99 99 99 99 99 99 99 97 99 99 99 99 99 99 99 99 99 97 97 97 97 99 99 99 99 99 99 99 97 97 97 97 97 97 97 97 99 99 99 99 99 99 99 99 99 99 99 99 99 99 99 99 97 97 97 99 99 99 99 99 97 97 97 99 97 97 97 99 99 99 99 99 99 99 99 99 99 99 99 99 97 97 97 97 97 97 10410410410410911011011611612012012012011711712111711711711711711211210710710799 99 99 99 99 99 99 99 
97 98 97 97 97 99 99 97 97 97 97 97 97 97 97 99 99 99 99 97 97 97 99 99 99 99 97 97 97 99 99 97 99 99 99 99 99 99 99 99 99 99 99 97 97 97 97 97 97 97 97 99 99 99 99 99 99 99 99 97 97 97 97 99 99 99 99 99 99 99 99 99 97 97 97 99 97 97 99 99 99 99 99 99 99 99 99 99 99 99 99 99 99 99 99 99 99 99 99 97 97 97 97 97 97 97 97 97 97 99 99 99 99 99 97 99 99 99 99 99 99 99 97 97 99 97 10310410410410910910910911611611612012012012012012012112112111711711211211210710799 99 99 99 99 99 99 99 99 
97 98 97 97 99 99 97 97 97 97 97 97 97 99 99 99 99 99 99 99 99 99 99 99 99 97 97 97 97 97 97 97 97 99 99 99 99 99 99 99 99 99 99 99 97 97 97 97 97 97 99 99 99 99 99 99 99 99 99 99 99 99 99 99 99 99 99 99 99 99 99 99 97 97 99 99 99 99 99 99 97 97 99 99 99 99 99 99 99 99 99 99 99 99 99 99 99 99 99 97 97 97 97 97 97 97 97 97 99 99 99 99 99 97 97 99 99 99 99 99 99 99 99 99 99 97 10310310310910910910911611611611612012012012012012112112112111811811211210710710799 99 99 99 99 99 99 99 99 
97 98 97 97 99 99 99 97 99 99 97 97 97 99 99 99 99 99 99 99 99 99 99 99 97 97 97 97 97 97 97 97 99 99 99 99 99 99 99 99 99 99 99 99 97 97 97 97 97 97 99 99 99 99 99 99 99 99 99 99 99 99 99 99 99 99 99 99 99 99 99 99 99 99 99 99 97 97 97 99 97 97 97 99 99 99 99 99 99 99 99 99 99 99 99 99 99 99 99 99 99 97 97 97 97 97 99 99 99 99 97 97 97 97 97 99 97 97 99 99 99 99 99 99 99 10310310310910910910911611611611612012012012012012112112112111811811211211210510510599 99 99 99 99 99 99 99 99 
0  98 97 97 97 97 97 99 99 99 99 97 97 99 99 99 99 99 99 99 99 99 99 97 97 97 97 97 97 97 97 97 99 97 99 99 99 99 99 99 99 99 99 97 97 97 97 97 97 97 97 99 99 99 99 99 99 99 99 99 99 99 99 99 99 99 97 97 99 99 99 99 99 99 99 99 99 97 97 97 97 97 99 99 99 99 99 99 99 99 99 99 97 97 97 97 99 99 99 99 99 97 97 97 97 97 97 99 99 99 97 97 97 97 97 97 97 97 99 99 97 97 97 99 99 1031031031091091091151151151201201200  12212212212212112111811811811211211210510510599 99 99 99 99 99 99 99 99 
97 98 97 97 97 97 97 99 99 99 99 99 99 99 99 99 99 99 99 99 99 99 99 97 97 97 97 97 97 97 97 97 97 97 97 97 97 97 97 97 99 99 97 97 97 97 97 97 97 97 97 97 99 99 99 99 99 99 99 99 99 99 99 97 97 97 97 97 99 99 99 99 99 99 99 99 99 97 97 97 97 97 97 97 99 99 99 99 99 99 99 99 97 97 97 97 97 99 99 99 99 97 97 97 97 97 97 97 99 99 99 99 97 97 97 97 97 99 99 99 97 97 97 97 97 10310310310910910911511511512012012012012012112112112112112111811811311311310510510599 99 99 99 99 99 99 99 99 
97 98 97 97 97 97 97 99 99 99 99 99 99 99 99 99 99 99 99 99 99 99 99 99 97 97 97 97 97 97 97 97 99 97 97 97 97 97 97 99 99 99 97 97 97 97 97 97 97 97 97 97 99 99 99 99 99 99 99 99 99 99 99 99 97 97 97 97 97 99 99 99 99 99 99 99 97 97 97 97 97 97 97 97 99 99 99 99 99 99 99 97 97 97 97 97 97 99 99 99 99 97 97 97 99 97 97 97 99 99 99 97 97 97 97 97 99 99 99 97 97 97 97 97 97 10310310310910910911511511511911911911911912112112112112112112111811811311311310510510599 99 99 99 99 99 99 99 
97 98 97 97 97 97 99 99 99 99 99 99 99 99 99 99 99 99 99 99 99 99 99 99 99 99 97 97 97 97 97 97 97 97 97 97 97 97 97 99 99 99 97 99 97 99 97 97 97 99 99 99 99 99 99 99 99 99 99 99 99 99 99 99 97 97 97 97 97 99 99 99 99 99 99 99 97 97 97 97 97 97 97 97 99 99 99 99 99 99 99 97 97 97 97 97 97 99 99 99 99 97 99 99 99 99 99 99 99 99 99 97 97 99 97 97 97 99 99 97 97 97 97 97 97 10310310310910910911511511511511911911911912112112112112112112111811811811311310510510599 99 99 99 99 99 99 99 
97 98 97 97 97 97 97 99 99 99 99 99 99 99 99 99 99 99 99 99 99 99 99 99 99 99 97 97 99 99 99 97 97 97 97 97 97 97 97 97 99 99 99 99 99 99 97 97 97 99 99 99 99 99 99 99 99 99 99 99 99 99 99 97 97 97 97 97 99 99 99 99 99 99 99 99 97 97 99 97 97 97 99 99 99 99 99 99 99 99 99 97 97 97 97 97 97 99 99 99 99 99 99 99 99 99 99 99 99 99 99 99 99 99 97 97 99 99 99 99 97 97 97 97 97 10310310310910910910911511511511511511911912112111911911811811811811811811311310510510599 99 99 99 99 99 99 99 
97 98 97 97 97 97 97 99 99 99 99 99 99 99 99 99 99 99 99 99 99 99 99 99 99 97 97 97 99 99 99 97 97 97 97 97 97 97 97 97 97 99 99 99 99 99 97 97 97 99 99 99 99 99 99 97 97 99 99 99 99 99 99 99 99 99 97 97 99 99 97 97 99 99 99 99 99 99 97 97 97 97 99 97 99 99 99 99 97 97 99 99 99 97 97 99 99 99 99 99 99 99 99 99 99 99 99 99 99 99 99 99 99 99 99 99 99 99 99 99 97 97 97 97 99 99 10310310310810810810810811511511511911911912111911911911811811811811311311310510510599 99 99 99 99 99 99 99 
97 98 97 99 99 99 99 99 99 99 99 99 99 99 99 99 99 99 99 99 99 99 99 99 99 99 99 99 99 99 99 97 97 97 97 97 97 97 97 97 97 99 99 99 99 97 97 97 97 99 99 99 97 97 97 97 99 99 99 99 99 99 99 99 99 99 99 99 99 97 97 97 99 99 99 99 99 99 97 97 97 97 97 97 97 97 97 97 97 97 99 99 99 99 99 99 99 99 99 99 99 99 99 99 99 99 99 99 99 99 99 99 99 99 99 99 99 99 99 99 99 99 99 99 99 99 99 10210210210210810810810811511511911911911911911911411411311811311311311310510510599 99 99 99 99 99 99 99 
97 98 99 99 99 99 99 99 99 99 99 99 99 99 99 99 99 99 99 99 99 99 99 99 99 99 99 99 99 99 99 99 99 99 97 97 97 99 97 99 97 99 99 99 99 97 97 97 97 99 99 99 97 97 97 97 97 97 99 99 99 99 99 99 99 99 99 97 97 97 97 97 97 97 97 99 99 99 99 97 97 97 97 97 97 97 97 97 97 97 97 99 99 99 99 99 99 99 99 99 99 99 99 99 99 99 99 99 99 99 99 99 99 99 99 99 99 99 99 99 99 99 99 99 99 99 99 99 10210210210210810810811511511411911911911911411411411311311311311311310610610599 99 99 99 99 99 99 99 
97 98 99 99 99 99 99 99 99 97 97 97 99 99 99 99 99 99 99 99 97 97 99 99 99 99 99 99 99 99 99 99 99 99 97 97 97 99 99 99 99 99 99 99 99 99 97 97 97 99 99 99 99 97 97 97 97 97 99 99 99 99 99 99 99 99 99 97 97 97 97 97 97 97 97 99 99 97 97 97 97 97 97 97 99 97 97 97 97 97 97 97 99 99 99 99 99 99 99 99 99 99 99 99 99 99 99 99 99 99 99 99 99 99 99 99 99 99 99 99 99 99 99 99 99 99 99 99 99 10210210210210810810811411411911911911411411411411311311311310610610610610699 99 99 99 99 99 99 99 
97 98 97 97 97 99 99 97 97 97 97 97 99 99 99 99 99 99 99 97 97 97 99 97 97 99 99 99 99 99 99 99 99 99 99 97 97 99 99 99 99 99 99 99 99 99 99 99 99 99 99 99 97 97 97 97 97 99 99 99 99 99 99 99 99 99 99 99 97 97 97 97 97 97 99 99 99 97 97 97 97 97 97 97 97 97 97 97 97 97 97 97 99 99 99 99 99 99 99 99 99 99 99 99 99 99 99 99 99 99 99 99 99 99 99 99 99 99 99 99 99 99 99 99 99 99 99 99 99 99 10210210210210810811411411411411411411410710610610610610610610610610699 99 99 97 99 99 99 99 99 
97 98 97 97 97 99 99 97 97 97 97 97 97 99 99 99 99 99 99 99 97 97 97 97 97 99 97 97 99 97 97 99 99 99 99 99 99 99 99 99 99 99 99 99 99 99 99 99 99 99 99 99 99 99 99 97 97 99 99 99 99 99 99 99 99 99 99 99 97 97 97 97 97 97 99 99 99 97 97 97 97 97 97 97 97 97 97 97 97 97 99 99 99 99 99 99 99 99 99 99 99 99 99 99 99 99 99 99 99 99 99 99 99 99 99 99 99 99 99 99 99 99 99 99 99 99 99 99 99 99 99 10210210210810811411411411411411410710710610610610610610610699 99 99 99 99 97 99 99 99 99 99 
97 98 97 97 97 99 99 97 97 97 97 97 97 99 99 99 99 99 97 97 97 97 97 97 99 99 97 97 97 97 97 99 99 99 99 99 99 99 99 99 99 99 99 99 99 99 99 99 99 99 99 99 99 99 99 99 99 99 99 99 99 99 99 99 99 99 99 99 97 97 97 97 97 97 99 99 99 99 99 97 97 97 99 97 97 97 97 97 97 97 99 99 99 99 99 99 99 99 99 99 99 99 99 99 99 99 99 99 99 99 99 99 99 99 99 99 99 99 99 99 99 99 99 99 99 99 99 99 99 99 99 10210210210810810710711411411410710710710610610010099 99 99 99 99 99 99 97 97 97 99 99 99 99 
97 98 97 97 97 99 99 97 97 97 97 97 99 99 99 99 99 99 97 97 97 97 97 97 97 97 99 97 97 97 97 97 99 99 99 99 99 99 99 99 99 99 99 99 99 99 99 99 99 99 99 99 99 99 99 99 99 99 99 99 99 99 99 99 99 99 99 99 97 97 97 99 97 97 99 99 99 99 99 97 97 97 99 99 99 99 99 99 97 97 97 97 99 99 99 99 97 97 97 99 99 99 99 99 99 99 99 99 99 99 99 99 99 99 99 97 97 97 99 99 99 99 99 99 99 99 99 99 99 99 99 99 10210110110710710710710710710710710710010010010010099 99 99 99 97 97 97 97 97 99 99 99 99 
97 98 97 97 97 99 99 99 97 97 97 97 99 99 99 99 99 99 97 97 99 97 97 97 97 97 97 97 97 97 97 97 99 99 99 99 99 99 99 99 99 99 99 99 99 99 99 99 99 99 99 99 99 99 99 99 99 99 99 99 99 99 99 99 99 99 99 99 99 99 97 97 99 97 97 99 99 99 99 99 99 99 99 99 99 99 99 99 99 99 97 97 99 99 99 99 97 97 97 97 99 99 99 99 99 99 99 99 99 99 99 99 99 99 99 97 97 97 97 99 99 99 99 99 99 99 99 99 99 99 99 99 99 10110110110710710710710710710010010010010010010099 99 99 97 97 97 99 97 99 99 99 99 99 
97 98 97 99 99 99 99 99 99 99 99 99 99 99 99 99 99 99 99 99 99 97 97 99 99 99 97 97 97 97 99 99 99 99 99 99 99 99 99 99 99 99 99 99 99 99 99 99 99 99 99 99 99 99 99 99 99 99 97 97 99 99 97 97 99 99 97 97 99 99 99 97 97 97 97 99 99 99 99 99 99 99 99 99 99 99 99 97 97 97 97 97 97 97 97 99 97 97 97 97 99 99 99 99 99 99 99 99 99 99 99 99 99 99 99 97 97 97 97 99 99 99 97 97 97 97 97 99 99 99 99 99 99 10110110110110710710710710010010010010097 97 99 99 99 99 97 97 99 99 99 99 99 99 99 99 
97 98 99 99 99 99 99 99 99 99 99 99 99 99 99 99 99 99 99 99 97 97 99 99 99 99 99 99 97 97 99 99 99 99 99 99 99 99 99 99 99 99 97 97 97 99 99 99 99 99 99 99 99 99 99 99 99 99 97 97 97 97 97 97 99 99 97 97 97 97 99 97 97 97 97 97 99 99 99 99 99 99 99 99 99 99 99 97 97 97 97 97 97 97 97 99 97 97 97 99 99 99 99 99 99 99 99 99 99 99 99 99 99 99 99 97 97 97 97 99 99 99 97 97 97 97 97 99 99 99 99 99 99 99 10110110110110110110110010010099 97 99 97 99 99 99 99 99 99 99 99 99 99 99 99 99 99 
97 98 99 99 99 99 99 99 99 99 99 99 99 99 99 99 99 99 99 99 99 99 99 99 99 99 99 99 99 99 99 99 99 99 99 99 99 99 99 99 99 99 97 97 97 97 99 97 97 99 99 99 99 99 99 99 99 99 97 97 97 97 97 99 99 99 97 97 97 97 97 97 97 97 97 97 99 99 99 99 99 99 99 99 99 99 99 99 97 97 97 97 97 97 99 99 99 99 99 99 99 99 99 99 99 99 99 99 99 99 99 99 99 99 99 99 99 99 99 99 99 97 97 97 97 97 97 99 99 99 99 99 99 99 97 10110110110110110110010099 99 99 99 99 99 99 99 99 99 99 99 99 99 99 97 97 97 99 
97 98 99 99 99 99 99 99 99 99 99 99 99 99 99 99 99 99 99 99 99 99 99 99 99 99 99 99 99 99 99 99 99 99 99 99 99 99 99 99 99 99 97 97 97 97 97 97 97 99 99 99 99 99 99 99 99 99 97 97 97 97 97 97 99 99 97 97 97 97 97 97 97 97 99 97 99 99 99 99 99 99 97 97 97 99 97 97 97 97 97 97 97 97 99 99 99 99 99 99 99 99 99 99 99 99 99 99 99 99 99 99 99 99 99 99 99 99 99 99 99 97 97 97 97 97 97 99 99 99 99 99 99 99 99 99 99 10110110110197 97 99 99 99 99 99 99 99 99 99 99 99 99 99 99 99 99 97 97 97 
97 98 99 99 99 99 99 99 99 99 99 99 99 99 99 99 99 99 99 99 99 99 99 99 99 99 99 99 99 99 99 99 99 99 99 99 99 99 99 99 99 99 99 97 97 97 97 97 97 99 99 99 99 99 99 99 99 97 97 97 97 97 97 97 97 99 99 97 97 97 97 97 97 97 99 99 99 99 99 99 99 99 97 97 97 97 97 97 97 97 97 97 97 97 99 99 99 99 99 99 99 99 99 99 99 99 99 99 99 99 99 99 99 99 99 99 99 99 99 99 99 97 97 97 97 97 97 99 99 99 99 99 99 99 99 99 99 99 99 99 97 97 97 99 99 99 99 99 99 99 99 99 99 99 99 99 99 99 99 97 97 97 
97 98 99 99 99 99 99 99 99 99 99 99 99 99 99 99 99 99 99 99 99 99 99 99 99 99 99 99 99 99 99 99 99 99 99 99 99 99 99 99 97 97 97 97 97 97 97 97 99 99 99 99 97 97 97 99 99 97 97 97 97 97 97 97 97 99 97 97 97 97 97 97 97 97 97 97 99 99 99 99 99 99 99 97 97 97 97 97 97 97 99 99 97 97 99 99 99 99 99 99 99 99 99 99 99 99 99 99 99 99 99 99 99 99 99 99 99 99 99 99 99 99 99 97 97 99 99 99 99 99 99 99 99 99 99 99 99 99 99 99 97 97 97 99 99 99 99 99 99 99 99 99 99 99 99 99 99 97 97 97 97 97 
97 98 99 99 99 99 99 99 99 99 99 99 99 99 99 99 99 99 99 99 99 99 99 99 99 99 99 99 99 99 99 99 99 99 99 99 99 99 99 99 97 97 97 97 97 97 97 97 97 99 99 99 97 97 97 97 99 99 99 99 97 97 99 99 97 97 97 97 97 97 97 97 97 97 97 97 97 99 99 99 99 97 97 97 97 97 97 97 97 97 97 99 99 99 99 99 99 99 99 99 99 99 99 99 99 99 99 99 99 99 99 99 99 99 99 99 99 99 99 99 99 99 99 99 99 99 99 99 99 99 99 99 99 99 99 99 99 99 99 99 99 99 99 99 99 99 99 99 99 99 99 99 99 99 99 99 97 97 97 97 97 97 